-53
-53
-53
-53
-53
-53
-53
-50
-50
-54
-54
-50
-50
-54
-50
-50
-53
-54
-52
-50
-49
-53
-54
-54
-53
-53
-53
-53
-53
-50
-54
-49
-50
-53
-50
-54
-49
-53
-54
-53
-53
-54
-49
-50
-49
-53
-69
-49
-53
-53
-50
-50
-53
-50
-50
-52
-53
-53
-51
-52
-52
-51
-51
-52
-52
-53
-51
-51
-51
-52
-52
-52
-51
-53
-52
-52
-52
-52
-52
-52
-52
-52
-51
-52
-52
-51
-51
-52
-51
-52
-52
-51
-52
-52
-52
-52
-52
-52
-52
-52
-51
-52
-53
-51
-52
-52
-52
-52
-51
-51
-51
-51
-51
-51
-52
-52
-52
-52
-52
-51
-52
-51
-51
-70
-51
-52
-52
-51
-52
-52
-52
-51
-52
-51
-52
-51
-52
-51
-52
-52
-51
-52
-52
-51
-52
-52
-52
-52
-51
-52
-53
-51
