-62
-62
-59
-62
-58
-58
-57
-57
-59
-61
-60
-63
-60
-58
-65
-60
-61
-59
-63
-59
-60
-59
-60
-64
-64
-61
-64
-58
-61
-61
-61
-61
-63
-59
-62
-59
-58
-58
-64
-66
-67
-60
-67
-60
-65
-58
-65
-61
-68
-59
-70
-61
-70
-63
-60
-65
-66
-61
-59
-79
-63
-72
-73
-59
-58
-64
-60
-60
-64
-59
-64
-58
-58
-63
-59
-63
-64
-60
-63
-63
-63
-59
-63
-58
-65
-62
-57
-64
-57
-64
-62
-62
-61
-62
-64
-57
-62
-57
-63
-64
-62
-62
-57
-57
-63
-63
-62
-61
-62
-57
-61
-57
-66
-61
-61
-79
-57
-62
-65
-63
-65
-62
-62
-62
-57
-62
-62
-62
-56
-62
-62
-61
-56
