-53
-53
-53
-57
-53
-52
-53
-57
-57
-53
-53
-57
-53
-57
-53
-57
-53
-57
-53
-53
-53
-57
-53
-58
-53
-53
-57
-57
-57
-58
-57
-75
-53
-57
-53
-52
-58
-58
-52
-52
-58
-56
-53
-52
-54
-54
-54
-54
-54
-52
-57
-54
-53
-52
-55
-54
-53
-52
-52
-52
-52
-52
-53
-52
-55
-52
-53
-55
-52
-57
-54
-56
-53
-58
-54
-53
-53
-53
-53
-53
-54
-59
-54
-60
-54
-53
-53
-53
-53
-53
-53
-59
-54
-59
-53
-59
-53
-59
-53
-59
-53
-54
-59
-53
-53
-53
-54
-53
-53
-53
-59
-55
-57
-53
-56
-57
-71
-58
-53
-54
-53
-54
-53
-54
-54
-52
-52
-59
-61
-53
-62
-62
-63
-60
-60
-60
-60
-60
-53
-59
-53
-52
-52
-52
-59
-60
-52
-62
-59
-62
-53
-61
-53
-53
-61
-60
-53
-53
-53
-60
-60
-53
-62
-60
-53
-60
-79
-61
-61
-53
-59
-59
-62
-62
-53
-53
-62
-62
-53
-53
-62
-63
-62
-60
-62
-62
-53
-53
-62
-53
-62
-53
-60
-53
-60
-60
-53
-60
-62
-60
-61
-62
-60
-61
-63
-61
